1.7621332009633381
1.6458876411120098
1.5898385274410247
1.6059338080883028
1.5901680048306783
1.565430402358373
1.6218118492762248
1.6030273660024008
1.6208524151643116
1.6529583390553793
1.5646508208910626
1.5250049674510957
1.4894717288017274
1.4845584054787955
1.4796093706289928
1.4716502114137016
1.4997740944226583
1.482022232611974
1.5004375175635019
1.5018367143472036
1.5191498168309532
1.5185667943954468
1.4796170222759246
1.4786500004927317
1.4751709779103597
1.4690250651041665
1.4897723495960236
1.4769874715805051
1.4888201173146565
1.4942772801717124
1.513196239074071
1.5156983025868735
1.4794455607732135
1.4770999050140383
1.473175791899363
1.4670491421222684
1.4839872280756632
1.4745973706245423
1.485954606135686
1.4890598118305207
1.5089055279890697
1.5134503936767578
1.4776529614130656
1.4762220664819081
1.472204865614573
1.468064193725586
1.4803796295324962
1.4755710343519848
1.4827874636650085
1.4854309884707133
1.5000159466266632
1.5134411044915517
1.4759486854076385
1.4743693427244824
1.471199097633362
1.4671373120943705
1.4795853924751283
1.4741865475972493
1.483235125541687
1.4870241232713064
1.5013843897978465
1.5116918690999348
1.4745887021223705
1.4726375210285187
1.4720656176408133
1.4665625456968943
1.479616048336029
1.4726835819085438
1.4819902686278024
1.4855640443166096
1.4967984139919281
1.5123839382330577
1.47328892827034
1.471433378458023
1.4701302671432495
1.4669602513313293
1.4799534853299459
1.4719666850566866
1.4824925382932026
1.4826248284180958
1.4981727866331735
1.513220074971517
1.4751391021410627
1.4717834945519763
1.4701402922471363
1.4662602094809216
1.4758362992604575
1.4711745393276217
1.4791931545734402
1.483130929470062
1.4951677505175271
1.5116284847259522
1.4738671620686847
1.472830520470937
1.4692741290728253
1.46638952255249
1.4757687612374624
1.4727159325281778
1.4808317160606386
1.4835962029298149
